-1.315900 -0.165100 0.550100 -0.300004
-1.311100 -0.099400 0.630800 0.330004
-1.412600 -0.200700 0.538600 0.330004
-1.287600 -0.112200 0.463500 0.330004
-1.219900 -0.278000 0.569900 0.210002
-1.245300 -0.330400 0.661400 0.100001
-1.231600 -0.375800 0.450500 -0.180002
-1.148700 -0.450700 0.454300 0.090001
-1.220000 -0.320300 0.354400 0.090001
-1.365100 -0.452200 0.453300 -0.140002
-1.449200 -0.380100 0.461900 0.090001
-1.368200 -0.516800 0.544100 0.090001
-1.395800 -0.548700 0.304000 -0.090001
-1.497900 -0.674400 0.385100 -0.220003
-1.570600 -0.627300 0.454700 0.090001
-1.437100 -0.747300 0.443100 0.090001
-1.556100 -0.731200 0.309300 0.090001
-1.079600 -0.226400 0.585100 0.510006
-1.049000 -0.117700 0.537300 -0.510006
-0.992900 -0.300000 0.655700 -0.470006
-1.015200 -0.385800 0.701400 0.310004
-0.857500 -0.254600 0.682300 0.070001
-0.853800 -0.146500 0.681500 0.090001
-0.808500 -0.303700 0.817200 0.140002
-0.788600 -0.413600 0.815000 0.090001
-0.909200 -0.282700 0.915300 -0.660008
-0.925600 -0.187700 0.918800 0.430005
-0.681400 -0.229400 0.859900 -0.270003
-0.647300 -0.265600 0.959200 0.090001
-0.699300 -0.119900 0.866400 0.090001
-0.599300 -0.247300 0.787200 0.090001
-0.765400 -0.307800 0.575500 0.510006
-0.764700 -0.427500 0.548000 -0.510006
-0.686300 -0.219900 0.512100 -0.470006
-0.689500 -0.122100 0.534100 0.310004
-0.590400 -0.259000 0.410700 0.070001
-0.597300 -0.365300 0.390200 0.090001
-0.609400 -0.180500 0.278700 -0.180002
-0.529200 -0.205500 0.205600 0.090001
-0.607800 -0.071200 0.298500 0.090001
-0.741500 -0.216400 0.217400 0.000000
-0.749400 -0.321400 0.124600 -0.115001
-0.660300 -0.376900 0.098500 0.115001
-0.872300 -0.357300 0.068400 -0.115001
-0.877300 -0.438900 -0.001200 0.115001
-0.988600 -0.290300 0.105900 0.110001
-1.112100 -0.337300 0.057600 -0.540006
-1.092900 -0.388500 -0.021400 0.430005
-0.858400 -0.145100 0.249600 -0.115001
-0.853500 -0.063600 0.320300 0.115001
-0.981700 -0.182100 0.194000 -0.115001
-1.071100 -0.127300 0.218900 0.115001
-0.452100 -0.232000 0.465000 0.510006
-0.431100 -0.136000 0.539500 -0.510006
-0.354100 -0.317600 0.431900 -0.470006
-0.371300 -0.396100 0.371800 0.310004
-0.220000 -0.303500 0.484500 0.070001
-0.214000 -0.221400 0.554600 0.090001
-0.177100 -0.432400 0.556900 -0.180002
-0.173200 -0.517400 0.484900 0.090001
-0.255500 -0.457100 0.632200 0.090001
-0.042500 -0.417300 0.628100 -0.180002
-0.048000 -0.331000 0.698200 0.090001
0.037900 -0.394900 0.554100 0.090001
-0.003800 -0.544600 0.703600 -0.180002
0.013700 -0.623000 0.626200 0.090001
-0.090300 -0.577300 0.765700 0.090001
0.119100 -0.521000 0.792100 0.210002
0.088000 -0.482600 0.891800 0.050001
0.187300 -0.447200 0.744500 0.050001
0.194600 -0.646300 0.810200 -0.300004
0.139300 -0.712900 0.867500 0.330004
0.286200 -0.624100 0.856600 0.330004
0.212800 -0.687200 0.716400 0.330004
-0.122900 -0.273900 0.372500 0.510006
-0.134400 -0.329700 0.264100 -0.510006
-0.025200 -0.184500 0.394800 -0.470006
-0.016500 -0.136600 0.482500 0.310004
0.075600 -0.152800 0.296000 0.070001
0.060900 -0.211600 0.207100 0.090001
0.067900 -0.004300 0.256000 -0.180002
0.065800 0.056500 0.349100 0.090001
-0.028600 0.011300 0.203100 0.090001
0.182200 0.047100 0.165800 -0.090001
0.280400 0.028700 0.215500 0.090001
0.182600 -0.022700 0.028900 -0.270003
0.185500 0.051700 -0.053400 0.090001
0.091000 -0.084000 0.016200 0.090001
0.270700 -0.089500 0.018700 0.090001
0.171700 0.198900 0.149100 -0.270003
0.153100 0.247600 0.247200 0.090001
0.088300 0.222900 0.080500 0.090001
0.265300 0.239900 0.105900 0.090001
0.213900 -0.183500 0.348600 0.510006
0.249000 -0.143600 0.459800 -0.510006
0.296400 -0.253900 0.269000 -0.470006
0.264600 -0.288000 0.180100 0.310004
0.433500 -0.286000 0.304200 0.070001
0.453300 -0.259500 0.407200 0.090001
0.462600 -0.434600 0.286900 -0.090001
0.443600 -0.462600 0.180300 0.090001
0.610400 -0.464300 0.321100 -0.270003
0.629500 -0.573500 0.319600 0.090001
0.634700 -0.426000 0.422500 0.090001
0.679600 -0.417800 0.247800 0.090001
0.368000 -0.519500 0.375200 -0.180002
0.263500 -0.482500 0.366600 0.090001
0.399400 -0.508000 0.481300 0.090001
0.368300 -0.667100 0.334700 -0.270003
0.465900 -0.714500 0.358300 0.090001
0.351100 -0.676300 0.225000 0.090001
0.288000 -0.722800 0.387100 0.090001
0.526300 -0.204900 0.215400 0.510006
0.515600 -0.208400 0.092700 -0.510006
0.619400 -0.128300 0.275100 -0.470006
0.628800 -0.123500 0.375300 0.310004
0.709800 -0.042100 0.202100 0.070001
0.676600 -0.031200 0.099800 0.090001
0.714800 0.098100 0.266500 -0.180002
0.796300 0.159900 0.222400 0.090001
0.736900 0.087400 0.374800 0.090001
0.582400 0.174400 0.250200 -0.090001
0.497800 0.105500 0.273900 0.090001
0.575500 0.290500 0.349800 -0.270003
0.569600 0.251500 0.453700 0.090001
0.485700 0.352500 0.329500 0.090001
0.666300 0.353900 0.340100 0.090001
0.565400 0.223500 0.105700 -0.270003
0.550900 0.333500 0.102600 0.090001
0.478000 0.174500 0.058000 0.090001
0.655400 0.199800 0.044900 0.090001
0.849700 -0.099200 0.199500 0.510006
0.917500 -0.106700 0.302000 -0.510006
0.897400 -0.138900 0.080000 -0.470006
0.841000 -0.131600 -0.002400 0.310004
1.030900 -0.191900 0.061500 0.070001
1.081600 -0.202000 0.156700 0.090001
1.025900 -0.327300 -0.013900 -0.180002
1.124000 -0.353600 -0.059100 0.090001
0.950100 -0.320300 -0.094700 0.090001
0.992500 -0.439700 0.082500 0.550007
1.008400 -0.429600 0.204300 -0.550007
0.948900 -0.554900 0.026900 -0.620007
0.940200 -0.562100 -0.072200 0.320004
0.925600 -0.629000 0.089100 0.300004
1.113300 -0.095400 -0.020600 0.510006
1.168300 -0.130800 -0.124600 -0.510006
1.128600 0.029400 0.025600 -0.470006
1.093600 0.058100 0.115200 0.310004
1.217600 0.124700 -0.038200 -0.020000
1.205000 0.220600 0.010200 0.090001
1.192600 0.128400 -0.143000 0.090001
1.361600 0.083600 -0.024500 0.510006
1.399000 0.000500 0.059300 -0.510006
1.451500 0.143700 -0.104400 -0.470006
1.420300 0.208100 -0.174900 0.310004
1.593700 0.114600 -0.092500 0.070001
1.607100 0.007900 -0.104500 0.090001
1.676300 0.187800 -0.199700 -0.180002
1.784500 0.163800 -0.186900 0.090001
1.663600 0.297800 -0.188600 0.090001
1.635000 0.148500 -0.341400 -0.180002
1.526600 0.169700 -0.356400 0.090001
1.648400 0.038500 -0.355500 0.090001
1.717700 0.224500 -0.445200 -0.180002
1.824300 0.193900 -0.433600 0.090001
1.712900 0.333800 -0.423700 0.090001
1.670400 0.194700 -0.587300 0.210002
1.650600 0.085700 -0.598600 0.050001
1.748000 0.225300 -0.660800 0.050001
1.544900 0.268600 -0.615100 -0.300004
1.505700 0.309900 -0.527600 0.330004
1.472900 0.203300 -0.653400 0.330004
1.561900 0.345200 -0.682800 0.330004
1.647400 0.152200 0.044100 0.510006
1.725100 0.080600 0.107000 -0.510006
1.601700 0.269000 0.091500 -0.470006
1.539400 0.321400 0.034200 0.310004
1.642100 0.325800 0.218700 0.070001
1.713600 0.260700 0.267000 0.090001
1.704700 0.464600 0.198800 0.140002
1.768700 0.486900 0.287500 0.090001
1.611700 0.571500 0.185300 -0.660008
1.551900 0.549700 0.113200 0.430005
1.790800 0.466300 0.071700 -0.270003
1.867900 0.386500 0.075600 0.090001
1.840700 0.564900 0.061700 0.090001
1.728900 0.452100 -0.019400 0.090001
1.522500 0.335400 0.310500 0.510006
1.536000 0.335800 0.432600 -0.510006
1.400700 0.338900 0.253400 -0.470006
1.387700 0.334700 0.155100 0.310004
1.280500 0.354000 0.331100 0.070001
1.304300 0.396400 0.427500 0.090001
1.178900 0.445300 0.260300 -0.180002
1.144200 0.399500 0.164800 0.090001
1.228500 0.541200 0.233200 0.090001
1.057200 0.477600 0.349100 -0.090001
1.009700 0.382800 0.384200 0.090001
1.099500 0.558700 0.472700 -0.270003
1.114700 0.492100 0.560200 0.090001
1.021700 0.633600 0.498200 0.090001
1.194300 0.613100 0.452900 0.090001
0.951100 0.550900 0.267000 -0.270003
0.910800 0.482800 0.189000 0.090001
0.995500 0.639600 0.216700 0.090001
0.867500 0.584200 0.331900 0.090001
1.215600 0.219700 0.352600 0.510006
1.173500 0.153400 0.259300 -0.510006
1.204500 0.173100 0.476900 -0.470006
1.236700 0.225400 0.555000 0.310004
1.143700 0.044900 0.504100 0.070001
1.091500 0.006600 0.417400 0.090001
1.249800 -0.057800 0.546600 -0.180002
1.201200 -0.150800 0.583700 0.090001
1.309200 -0.013400 0.629800 0.090001
1.343000 -0.093600 0.431000 -0.180002
1.390800 -0.000600 0.391900 0.090001
1.281900 -0.136100 0.348100 0.090001
1.452100 -0.190500 0.476500 -0.180002
1.405600 -0.286200 0.509200 0.090001
1.501400 -0.146200 0.566300 0.090001
1.557000 -0.211900 0.368000 0.210002
1.642700 -0.270700 0.407300 0.050001
1.593500 -0.113600 0.330500 0.050001
1.495300 -0.284700 0.255200 -0.300004
1.503700 -0.228300 0.167700 0.330004
1.394000 -0.297300 0.275500 0.330004
1.540100 -0.377600 0.243300 0.330004
1.042700 0.060300 0.613800 0.510006
1.073700 0.113400 0.720100 -0.510006
0.918400 0.015300 0.592400 -0.470006
0.891100 -0.029200 0.506400 0.310004
0.818200 0.030700 0.695700 -0.020000
0.804100 0.136400 0.714000 0.090001
0.849500 -0.024900 0.783000 0.090001
0.687800 -0.025500 0.650200 0.510006
0.676500 -0.083200 0.542600 -0.510006
0.583700 -0.010000 0.731500 -0.470006
0.591400 0.031400 0.821900 0.310004
0.453400 -0.062700 0.700300 0.070001
0.436300 -0.056600 0.593600 0.090001
0.438500 -0.208500 0.748100 -0.180002
0.503600 -0.272800 0.684500 0.090001
0.333900 -0.243500 0.733700 0.090001
0.479500 -0.226900 0.896200 -0.280003
0.414600 -0.165500 0.962300 0.090001
0.584300 -0.194200 0.912000 0.090001
0.467700 -0.372800 0.938600 0.620007
0.496300 -0.463500 0.855900 -0.760009
0.420000 -0.397100 1.052100 -0.760009
0.350000 0.022900 0.768100 0.510006
0.378400 0.093900 0.864300 -0.510006
0.226200 0.021600 0.717500 -0.470006
0.204400 -0.033300 0.636300 0.310004
0.122300 0.107600 0.771000 0.070001
0.128900 0.107600 0.879200 0.090001
0.132600 0.251300 0.720200 0.140002
0.231400 0.293100 0.751700 0.090001
0.031600 0.337100 0.772200 -0.660008
-0.051900 0.308900 0.733500 0.430005
0.124200 0.252800 0.566800 -0.270003
0.201700 0.186400 0.522800 0.090001
0.141400 0.355400 0.528200 0.090001
0.025100 0.217900 0.531700 0.090001
-0.011300 0.048600 0.733000 0.510006
-0.020800 -0.039100 0.647000 -0.510006
-0.120400 0.094100 0.797100 -0.470006
-0.111700 0.165600 0.866600 0.310004
-0.254000 0.042200 0.772000 0.070001
-0.255400 -0.013500 0.679300 0.090001
-0.304000 -0.046300 0.885900 0.140002
-0.402100 -0.091500 0.857900 0.090001
-0.320300 0.026200 1.007300 -0.660008
-0.287000 0.115200 0.991000 0.430005
-0.203600 -0.160100 0.913100 -0.270003
-0.256600 -0.257100 0.921000 0.090001
-0.148400 -0.142600 1.008000 0.090001
-0.128800 -0.169300 0.832200 0.090001
-0.349500 0.158100 0.754700 0.510006
-0.320200 0.269200 0.798000 -0.510006
-0.465800 0.136200 0.691500 -0.470006
-0.489600 0.046900 0.653000 0.310004
-0.562500 0.243300 0.671100 0.070001
-0.566600 0.304700 0.760200 0.090001
-0.527300 0.330200 0.550300 0.140002
-0.418000 0.353100 0.554300 0.090001
-0.598100 0.453600 0.550100 -0.660008
-0.541000 0.519600 0.590800 0.430005
-0.557700 0.256500 0.418900 -0.270003
-0.664900 0.266800 0.391700 0.090001
-0.534300 0.148500 0.428700 0.090001
-0.496400 0.298300 0.336400 0.090001
-0.699100 0.180400 0.652100 0.510006
-0.710900 0.061300 0.621100 -0.510006
-0.806400 0.258700 0.671400 -0.470006
-0.795700 0.355700 0.692300 0.310004
-0.942400 0.215800 0.649400 0.070001
-0.946500 0.107700 0.647000 0.090001
-1.035300 0.263400 0.762900 -0.180002
-1.133600 0.299600 0.724700 0.090001
-0.987400 0.350000 0.814300 0.090001
-1.061600 0.152200 0.866100 -0.280003
-0.967900 0.120500 0.915800 0.090001
-1.108900 0.065000 0.816800 0.090001
-1.158100 0.201900 0.972700 0.620007
-1.111600 0.269800 1.067300 -0.760009
-1.279100 0.170300 0.958100 -0.760009
-0.994000 0.264800 0.516300 0.510006
-0.979300 0.381000 0.479700 -0.510006
-1.057800 0.175900 0.438800 -0.470006
-1.068200 0.080000 0.464500 0.310004
-1.110000 0.214800 0.311000 0.070001
-1.139900 0.319000 0.312900 0.090001
-1.002600 0.194300 0.202200 -0.270003
-1.005500 0.277800 0.129600 0.090001
-1.015300 0.098900 0.147100 0.090001
-0.901200 0.195900 0.247000 0.090001
-1.234900 0.132400 0.287700 0.510006
-1.245500 0.017100 0.331700 -0.510006
-1.336500 0.190400 0.221000 -0.470006
-1.331700 0.285300 0.190600 0.310004
-1.458800 0.120700 0.184100 0.070001
-1.502100 0.080700 0.274500 0.090001
-1.561000 0.214200 0.120200 -0.090001
-1.654400 0.157100 0.097400 0.090001
-1.597400 0.326100 0.219700 -0.270003
-1.694100 0.372600 0.190200 0.090001
-1.519800 0.405500 0.218700 0.090001
-1.607600 0.286900 0.323000 0.090001
-1.505200 0.274000 -0.010300 -0.270003
-1.398600 0.303000 0.000200 0.090001
-1.562400 0.364200 -0.039800 0.090001
-1.511300 0.200000 -0.093000 0.090001
-1.431400 0.000800 0.094300 0.510006
-1.502000 -0.099700 0.099900 -0.510006
-1.324700 0.008900 0.013200 -0.470006
-1.269800 0.092200 0.007600 0.310004
-1.289400 -0.092700 -0.081500 0.070001
-1.303200 -0.188600 -0.033700 0.090001
-1.379400 -0.081900 -0.207200 -0.280003
-1.486100 -0.086600 -0.177100 0.090001
-1.360500 -0.167500 -0.275000 0.090001
-1.356800 0.046400 -0.286500 0.620007
-1.284900 0.138700 -0.239100 -0.760009
-1.409800 0.052300 -0.399600 -0.760009
-1.141500 -0.081800 -0.118400 0.510006
-1.068400 0.007700 -0.076700 -0.510006
-1.091000 -0.176200 -0.199700 -0.470006
-1.149000 -0.248600 -0.235100 0.310004
-0.954700 -0.170500 -0.247700 0.070001
-0.889300 -0.153600 -0.163000 0.090001
-0.917500 -0.302800 -0.315800 -0.270003
-0.890100 -0.377700 -0.239000 0.090001
-0.829700 -0.290200 -0.383300 0.090001
-1.002600 -0.340800 -0.376100 0.090001
-0.929700 -0.055600 -0.343800 0.510006
-0.821500 0.001900 -0.345100 -0.510006
-1.030200 -0.015300 -0.423700 -0.470006
-1.119900 -0.058600 -0.420500 0.310004
-1.015900 0.095200 -0.516500 0.070001
-0.936400 0.069900 -0.585800 0.090001
-1.147900 0.115800 -0.592500 -0.270003
-1.135400 0.191800 -0.672200 0.090001
-1.228100 0.149600 -0.523300 0.090001
-1.181000 0.020600 -0.638900 0.090001
-0.979100 0.226500 -0.447800 0.510006
-0.895900 0.305400 -0.492800 -0.510006
-1.041600 0.254200 -0.332100 -0.470006
-1.114500 0.192500 -0.299100 0.310004
-1.001800 0.365400 -0.246900 0.070001
-0.998700 0.452800 -0.310200 0.090001
-1.094800 0.396000 -0.131100 0.140002
-1.046200 0.463500 -0.056300 0.090001
-1.137200 0.278500 -0.064700 -0.660008
-1.164600 0.214200 -0.133700 0.430005
-1.220900 0.466400 -0.182400 -0.270003
-1.276500 0.508400 -0.096000 0.090001
-1.287500 0.394100 -0.234600 0.090001
-1.195200 0.548500 -0.252000 0.090001
-0.861900 0.354000 -0.192400 0.510006
-0.787900 0.452200 -0.191500 -0.510006
-0.820800 0.233200 -0.149900 -0.470006
-0.881700 0.154300 -0.157900 0.310004
-0.688200 0.206600 -0.098900 0.070001
-0.671500 0.269100 -0.012300 0.090001
-0.673100 0.059200 -0.059500 -0.270003
-0.566200 0.033900 -0.043600 0.090001
-0.711100 -0.006700 -0.140000 0.090001
-0.729200 0.037300 0.033400 0.090001
-0.580300 0.242200 -0.198200 0.510006
-0.479500 0.301600 -0.160900 -0.510006
-0.602100 0.213200 -0.327900 -0.470006
-0.683800 0.162800 -0.357200 0.310004
-0.509500 0.251500 -0.431700 0.070001
-0.415400 0.201200 -0.414100 0.090001
-0.563900 0.210700 -0.569100 -0.180002
-0.500200 0.251800 -0.650900 0.090001
-0.666700 0.251200 -0.583300 0.090001
-0.568200 0.057800 -0.585500 -0.280003
-0.631000 0.011600 -0.506700 0.090001
-0.466200 0.015300 -0.578100 0.090001
-0.627000 0.018100 -0.720100 0.620007
-0.647000 0.108200 -0.806000 -0.760009
-0.652600 -0.103500 -0.737200 -0.760009
-0.482400 0.399800 -0.434800 0.510006
-0.368100 0.442400 -0.430400 -0.510006
-0.586500 0.484400 -0.432400 -0.470006
-0.679000 0.447200 -0.430200 0.310004
-0.567600 0.627600 -0.422100 0.070001
-0.504300 0.658400 -0.504300 0.090001
-0.702700 0.700900 -0.434100 -0.180002
-0.690500 0.807300 -0.402600 0.090001
-0.775300 0.652900 -0.364900 0.090001
-0.755600 0.700800 -0.577600 -0.180002
-0.780800 0.596600 -0.608300 0.090001
-0.674500 0.736200 -0.645500 0.090001
-0.877600 0.792600 -0.592300 -0.180002
-0.891200 0.811600 -0.701000 0.090001
-0.853400 0.890700 -0.544900 0.090001
-1.002600 0.733900 -0.525700 0.210002
-1.024400 0.784600 -0.429200 0.050001
-0.989100 0.625000 -0.506500 0.050001
-1.118800 0.749600 -0.615800 -0.300004
-1.184100 0.821600 -0.579100 0.330004
-1.168000 0.658400 -0.626100 0.330004
-1.083000 0.779300 -0.708900 0.330004
-0.496600 0.676600 -0.297500 0.510006
-0.406700 0.759800 -0.305500 -0.510006
-0.536400 0.625700 -0.179600 -0.470006
-0.607300 0.555000 -0.176300 0.310004
-0.478300 0.666600 -0.053000 0.070001
-0.481500 0.774600 -0.047400 0.090001
-0.558500 0.607500 0.062500 -0.090001
-0.560100 0.496300 0.052500 0.090001
-0.499500 0.644300 0.200400 -0.270003
-0.543200 0.740000 0.236000 0.090001
-0.389400 0.655800 0.200700 0.090001
-0.525000 0.565000 0.273900 0.090001
-0.702800 0.660900 0.053400 -0.270003
-0.756700 0.618700 -0.033200 0.090001
-0.702100 0.771500 0.042900 0.090001
-0.759000 0.634100 0.145300 0.090001
-0.332400 0.627300 -0.039900 0.510006
-0.245400 0.711000 -0.016800 -0.510006
-0.300400 0.498000 -0.059100 -0.470006
-0.370400 0.429700 -0.082200 0.310004
-0.164300 0.449500 -0.053300 0.070001
-0.121600 0.482700 0.040400 0.090001
-0.156400 0.296000 -0.064600 -0.180002
-0.051800 0.261500 -0.078800 0.090001
-0.216400 0.263300 -0.152500 0.090001
-0.208600 0.230900 0.060400 0.000000
-0.155800 0.261000 0.187500 -0.115001
-0.076600 0.333800 0.197300 0.115001
-0.201500 0.194000 0.301700 -0.115001
-0.158500 0.216000 0.398200 0.115001
-0.300500 0.095900 0.289700 -0.115001
-0.335700 0.044000 0.377400 0.115001
-0.308500 0.133300 0.050500 -0.115001
-0.349000 0.109400 -0.046700 0.115001
-0.355400 0.067100 0.164200 -0.115001
-0.433400 -0.006300 0.153900 0.115001
-0.075800 0.508100 -0.159100 0.510006
0.038700 0.542200 -0.132700 -0.510006
-0.127300 0.522300 -0.282200 -0.470006
-0.220900 0.493000 -0.303100 0.310004
-0.052800 0.582500 -0.389900 0.070001
0.037900 0.525800 -0.405000 0.090001
-0.136900 0.580500 -0.518100 -0.180002
-0.229500 0.641000 -0.503200 0.090001
-0.166700 0.474700 -0.535600 0.090001
-0.063400 0.627100 -0.642900 -0.180002
0.025700 0.561500 -0.656100 0.090001
-0.026800 0.731600 -0.629600 0.090001
-0.156500 0.620100 -0.764200 -0.180002
-0.230300 0.703200 -0.754700 0.090001
-0.215800 0.525700 -0.759700 0.090001
-0.079700 0.633200 -0.895300 0.210002
0.013900 0.691200 -0.878700 0.050001
-0.141400 0.684400 -0.972000 0.050001
-0.044000 0.498400 -0.944700 -0.300004
-0.101000 0.475500 -1.028500 0.330004
-0.064600 0.428800 -0.870000 0.330004
0.057200 0.493500 -0.968000 0.330004
-0.013000 0.725000 -0.361400 0.510006
0.101300 0.763300 -0.383100 -0.510006
-0.106600 0.806900 -0.309700 -0.470006
-0.199700 0.774900 -0.291100 0.310004
-0.076500 0.941800 -0.267500 0.070001
-0.029700 0.993700 -0.350000 0.090001
-0.205500 1.014300 -0.226700 -0.180002
-0.243100 0.975300 -0.129300 0.090001
-0.282700 0.990900 -0.303400 0.090001
-0.186200 1.166900 -0.218400 -0.180002
-0.139500 1.203500 -0.312400 0.090001
-0.118900 1.193700 -0.133900 0.090001
-0.322000 1.232900 -0.198800 0.550007
-0.421500 1.170600 -0.160700 -0.550007
-0.331000 1.363800 -0.230900 -0.620007
-0.248500 1.412700 -0.257700 0.320004
-0.418700 1.407000 -0.214000 0.300004
0.021200 0.945400 -0.152000 0.510006
0.119200 1.018300 -0.155600 -0.510006
0.000000 0.859100 -0.050600 -0.470006
-0.081100 0.800300 -0.050700 0.310004
0.088500 0.848300 0.063700 0.070001
0.092500 0.945300 0.111900 0.090001
0.033200 0.740500 0.161400 -0.180002
0.028300 0.642100 0.110200 0.090001
-0.069600 0.768100 0.192900 0.090001
0.119700 0.725700 0.283900 0.000000
0.227000 0.634700 0.285700 -0.115001
0.250400 0.578100 0.196600 0.115001
0.308000 0.622700 0.399300 -0.115001
0.394700 0.558400 0.396300 0.115001
0.284200 0.704100 0.510600 0.110001
0.370200 0.697900 0.621600 -0.540006
0.442200 0.638900 0.599000 0.430005
0.095800 0.805400 0.396800 -0.115001
0.015000 0.877200 0.395000 0.115001
0.178100 0.795100 0.509600 -0.115001
0.161100 0.858600 0.595200 0.115001
0.230500 0.811100 0.023400 0.510006
0.328800 0.868600 0.068700 -0.510006
0.244700 0.711500 -0.065500 -0.470006
0.163800 0.662700 -0.100000 0.310004
0.372000 0.672100 -0.120400 0.070001
0.437600 0.645700 -0.038600 0.090001
0.354400 0.552200 -0.214200 -0.270003
0.345400 0.458500 -0.155500 0.090001
0.440800 0.541700 -0.283500 0.090001
0.262500 0.565500 -0.275300 0.090001
0.438800 0.785500 -0.194900 0.510006
0.557500 0.809800 -0.176700 -0.510006
0.361100 0.861400 -0.274600 -0.470006
0.263700 0.840700 -0.282900 0.310004
0.409200 0.978200 -0.346100 0.070001
0.491800 0.944300 -0.407600 0.090001
0.294200 1.038400 -0.431200 -0.180002
0.247500 1.126100 -0.381400 0.090001
0.215500 0.962100 -0.444100 0.090001
0.346900 1.082500 -0.566900 0.550007
0.443500 1.156700 -0.580600 -0.550007
0.280100 1.036100 -0.675200 -0.620007
0.207600 0.969900 -0.661800 0.320004
0.322600 1.057100 -0.762700 0.300004
0.463900 1.084500 -0.251900 0.510006
0.572700 1.137800 -0.271900 -0.510006
0.392900 1.111100 -0.140500 -0.470006
0.301800 1.071300 -0.126300 0.310004
0.434100 1.207100 -0.039800 0.070001
0.452100 1.301800 -0.089000 0.090001
0.323600 1.222300 0.067600 -0.280003
0.359500 1.285200 0.151600 0.090001
0.295400 1.122700 0.107200 0.090001
0.199100 1.288400 0.010300 0.620007
0.209000 1.358800 -0.093500 -0.760009
0.092400 1.277300 0.076500 -0.760009
0.564800 1.167100 0.027800 0.510006
0.642600 1.250200 0.074100 -0.510006
0.594400 1.036100 0.030100 -0.470006
0.530700 0.971400 -0.011800 0.310004
0.718000 0.984800 0.084400 0.070001
0.759400 1.055200 0.155400 0.090001
0.692600 0.849400 0.153300 -0.180002
0.787700 0.799700 0.181700 0.090001
0.635700 0.782600 0.085200 0.090001
0.617000 0.876800 0.281900 0.550007
0.662100 0.947200 0.372200 -0.550007
0.498000 0.815800 0.294700 -0.620007
0.457600 0.769900 0.215900 0.320004
0.443000 0.837900 0.374800 0.300004
0.824100 0.965800 -0.022200 0.510006
0.932500 0.915800 0.007400 -0.510006
0.797700 1.006100 -0.148300 -0.470006
0.709800 1.049400 -0.171100 0.310004
0.892800 0.990200 -0.257600 -0.020000
0.987300 1.031500 -0.225600 0.090001
0.852400 1.040100 -0.344500 0.090001
0.918400 0.846700 -0.295200 0.510006
1.031700 0.809500 -0.324500 -0.510006
0.813900 0.762000 -0.291700 -0.470006
0.723000 0.795100 -0.265300 0.310004
0.825200 0.619800 -0.318500 0.070001
0.929500 0.591900 -0.327000 0.090001
0.760900 0.534600 -0.209000 -0.090001
0.652800 0.560500 -0.202200 0.090001
0.774500 0.383100 -0.237900 -0.270003
0.676000 0.333200 -0.228200 0.090001
0.845700 0.337000 -0.166300 0.090001
0.814400 0.362200 -0.339200 0.090001
0.826600 0.568600 -0.074200 -0.270003
0.937200 0.560900 -0.083300 0.090001
0.791700 0.497900 0.003700 0.090001
0.801200 0.671900 -0.043000 0.090001
0.755700 0.587000 -0.449200 0.510006
0.634100 0.602100 -0.462600 -0.510006
0.831900 0.535000 -0.547000 -0.470006
0.929900 0.521900 -0.533700 0.310004
0.780700 0.497400 -0.676700 0.070001
0.672500 0.493700 -0.674800 0.090001
0.830300 0.594400 -0.785700 -0.280003
0.801600 0.558800 -0.886700 0.090001
0.940400 0.605700 -0.780300 0.090001
0.764700 0.729800 -0.767300 0.620007
0.638900 0.734400 -0.775700 -0.760009
0.839600 0.829700 -0.754200 -0.760009
0.831800 0.358800 -0.709600 0.510006
0.948900 0.328200 -0.692300 -0.510006
0.746600 0.267800 -0.758500 -0.470006
0.652000 0.289500 -0.780200 0.310004
0.793900 0.134000 -0.788100 -0.020000
0.820300 0.085900 -0.694900 0.090001
0.875900 0.138800 -0.858500 0.090001
0.683700 0.056200 -0.851000 0.510006
0.588300 0.112000 -0.905600 -0.510006
0.691400 -0.076900 -0.842400 -0.470006
0.770000 -0.121800 -0.799200 0.310004
0.588800 -0.163100 -0.895600 0.070001
0.540100 -0.114700 -0.979500 0.090001
0.649400 -0.294300 -0.947000 -0.180002
0.569600 -0.362700 -0.984000 0.090001
0.703100 -0.345500 -0.863900 0.090001
0.748300 -0.266900 -1.062300 -0.280003
0.830800 -0.200700 -1.028600 0.090001
0.695900 -0.217700 -1.146700 0.090001
0.810800 -0.396100 -1.112900 0.620007
0.904500 -0.446600 -1.046200 -0.760009
0.764300 -0.445400 -1.219000 -0.760009
0.485800 -0.190500 -0.788600 0.510006
0.518400 -0.228600 -0.676300 -0.510006
0.357200 -0.167400 -0.819800 -0.470006
0.331600 -0.137800 -0.911100 0.310004
0.250000 -0.184600 -0.724200 0.070001
0.290000 -0.181300 -0.623500 0.090001
0.144100 -0.073300 -0.739100 -0.180002
0.052700 -0.098600 -0.681000 0.090001
0.114900 -0.067100 -0.846300 0.090001
0.193800 0.059800 -0.693300 -0.030000
0.270800 0.146900 -0.765800 -0.150002
0.312800 0.123600 -0.863200 0.220003
0.296300 0.259200 -0.690500 -0.510006
0.361300 0.329500 -0.711000 0.370004
0.238600 0.245000 -0.567200 0.240003
0.172700 0.119900 -0.564600 0.110001
0.104300 0.079900 -0.449500 -0.250003
0.053800 -0.015200 -0.444700 0.170002
0.102500 0.166000 -0.339500 -0.200002
0.049700 0.136900 -0.249600 0.140002
0.238100 0.329500 -0.457500 -0.270003
0.291400 0.423500 -0.459000 0.160002
0.168600 0.288200 -0.343300 -0.140002
0.165800 0.351900 -0.255900 0.140002
0.182000 -0.318200 -0.741500 0.510006
0.146000 -0.358000 -0.852000 -0.510006
0.161800 -0.391200 -0.631000 -0.470006
0.200000 -0.361900 -0.542900 0.310004
0.101800 -0.523600 -0.634800 0.070001
0.053800 -0.540600 -0.730200 0.090001
0.202800 -0.635400 -0.609700 0.140002
0.153800 -0.735400 -0.614400 0.090001
0.263900 -0.623200 -0.482400 -0.660008
0.200100 -0.576500 -0.427500 0.430005
0.315100 -0.630400 -0.714500 -0.270003
0.278200 -0.665600 -0.812900 0.090001
0.400700 -0.693800 -0.683200 0.090001
0.355000 -0.527600 -0.727100 0.090001
-0.004200 -0.527800 -0.527000 0.510006
0.012000 -0.466600 -0.421300 -0.510006
-0.114700 -0.600700 -0.548900 -0.470006
-0.128000 -0.654200 -0.632100 0.310004
-0.222500 -0.609600 -0.452900 0.070001
-0.188900 -0.575400 -0.355800 0.090001
-0.342900 -0.522300 -0.497800 -0.180002
-0.369700 -0.547500 -0.602700 0.090001
-0.314200 -0.415200 -0.494900 0.090001
-0.463800 -0.543500 -0.409900 0.000000
-0.461300 -0.501000 -0.276500 -0.115001
-0.374500 -0.449600 -0.238800 0.115001
-0.570800 -0.522200 -0.192400 -0.115001
-0.569700 -0.484200 -0.091600 0.115001
-0.682500 -0.589800 -0.240200 0.110001
-0.792800 -0.602600 -0.154400 -0.540006
-0.869800 -0.584400 -0.208300 0.430005
-0.575800 -0.614200 -0.456600 -0.115001
-0.575200 -0.653500 -0.557300 0.115001
-0.685400 -0.637500 -0.372100 -0.115001
-0.770100 -0.693800 -0.408700 0.115001
-0.264800 -0.754000 -0.434900 0.510006
-0.283000 -0.826200 -0.532500 -0.510006
-0.284800 -0.797300 -0.309500 -0.470006
-0.268400 -0.738500 -0.230200 0.310004
-0.334900 -0.929400 -0.281400 0.070001
-0.338800 -0.989800 -0.371200 0.090001
-0.241000 -0.998500 -0.179600 -0.280003
-0.243800 -0.944400 -0.083300 0.090001
-0.136700 -0.995100 -0.216500 0.090001
-0.278400 -1.144400 -0.158100 0.620007
-0.391400 -1.182900 -0.197600 -0.760009
-0.198800 -1.217300 -0.094800 -0.760009
-0.475800 -0.916100 -0.226100 0.510006
-0.493400 -0.864700 -0.116000 -0.510006
-0.579600 -0.962400 -0.299000 -0.470006
-0.562700 -1.004300 -0.387600 0.310004
-0.716300 -0.966400 -0.248800 0.070001
-0.739600 -0.866800 -0.214300 0.090001
-0.815000 -1.002700 -0.362700 -0.280003
-0.805800 -1.109900 -0.389400 0.090001
-0.789600 -0.942700 -0.452500 0.090001
-0.960800 -0.971500 -0.327900 0.620007
-0.997600 -0.961200 -0.208200 -0.760009
-1.039800 -0.958700 -0.424600 -0.760009
-0.732600 -1.057100 -0.127100 0.510006
-0.796700 -1.022400 -0.027800 -0.510006
-0.666300 -1.174400 -0.127300 -0.470006
-0.594700 -1.192500 -0.195800 0.310004
-0.676400 -1.268500 -0.018000 0.070001
-0.780400 -1.295900 -0.007600 0.090001
-0.591500 -1.393500 -0.048000 -0.270003
-0.571500 -1.452000 0.044100 0.090001
-0.493600 -1.364500 -0.091700 0.090001
-0.643900 -1.458100 -0.121400 0.090001
-0.632800 -1.208200 0.114700 0.510006
-0.698400 -1.224500 0.217700 -0.510006
-0.521800 -1.132500 0.114100 -0.470006
-0.468700 -1.126100 0.029000 0.310004
-0.472000 -1.071400 0.236500 0.070001
-0.517400 -1.117800 0.322700 0.090001
-0.321600 -1.085800 0.251500 0.140002
-0.287600 -1.045400 0.349600 0.090001
-0.250400 -1.014800 0.151500 -0.660008
-0.315100 -0.991200 0.084200 0.430005
-0.285300 -1.235100 0.245000 -0.270003
-0.367400 -1.297400 0.286300 0.090001
-0.192900 -1.254400 0.303100 0.090001
-0.267300 -1.267400 0.140100 0.090001
-0.504200 -0.924900 0.247400 0.510006
-0.469200 -0.861600 0.346900 -0.510006
-0.567800 -0.864600 0.145200 -0.470006
-0.595300 -0.917500 0.064100 0.310004
-0.596400 -0.722100 0.139100 0.070001
-0.631900 -0.700100 0.039200 0.090001
-0.705700 -0.687100 0.240900 -0.180002
-0.728100 -0.578400 0.238900 0.090001
-0.667800 -0.711700 0.342800 0.090001
-0.833900 -0.765500 0.216200 -0.180002
-0.812500 -0.875300 0.217900 0.090001
-0.872500 -0.742400 0.114400 0.090001
-0.935200 -0.734000 0.325900 -0.180002
-0.950100 -0.623700 0.330300 0.090001
-0.889000 -0.763500 0.423100 0.090001
-1.063800 -0.812400 0.305000 0.210002
-1.111100 -0.838400 0.402000 0.050001
-1.044000 -0.905600 0.247100 0.050001
-1.156200 -0.729000 0.227200 -0.300004
-1.222100 -0.787500 0.172300 0.330004
-1.101100 -0.669400 0.162000 0.330004
-1.209400 -0.667400 0.292000 0.330004
-0.474500 -0.634800 0.164000 0.510006
-0.478500 -0.533800 0.234800 -0.510006
-0.360200 -0.676100 0.108100 -0.470006
-0.360000 -0.756400 0.048400 0.310004
-0.232500 -0.615900 0.139900 0.070001
-0.246100 -0.533400 0.208100 0.090001
-0.135700 -0.712000 0.206500 0.140002
-0.117400 -0.800400 0.140500 0.090001
-0.189300 -0.751800 0.332400 -0.660008
-0.284100 -0.767300 0.318100 0.430005
-0.002100 -0.643900 0.239000 -0.270003
-0.019500 -0.555400 0.303500 0.090001
0.050700 -0.611500 0.147100 0.090001
0.063700 -0.714900 0.293300 0.090001
-0.174200 -0.562200 0.012500 0.510006
-0.160400 -0.632900 -0.087000 -0.510006
-0.139500 -0.433000 0.011400 -0.470006
-0.147100 -0.378700 0.095800 0.310004
-0.073200 -0.368600 -0.099100 0.070001
-0.093700 -0.423200 -0.190500 0.090001
-0.118600 -0.221500 -0.114400 -0.180002
-0.051300 -0.165500 -0.182900 0.090001
-0.117600 -0.172000 -0.014800 0.090001
-0.257900 -0.213600 -0.170200 0.000000
-0.277500 -0.203400 -0.309000 -0.115001
-0.192500 -0.206800 -0.375500 0.115001
-0.406600 -0.191800 -0.362300 -0.115001
-0.421500 -0.187900 -0.469400 0.115001
-0.517600 -0.190800 -0.277000 -0.115001
-0.617000 -0.185100 -0.319000 0.115001
-0.370000 -0.212600 -0.085400 -0.115001
-0.356000 -0.221300 0.021200 0.115001
-0.499100 -0.203000 -0.138700 -0.115001
-0.584900 -0.205300 -0.073400 0.115001
0.076600 -0.372400 -0.075400 0.510006
0.124600 -0.348200 0.035100 -0.510006
0.156200 -0.405700 -0.177500 -0.470006
0.118100 -0.426100 -0.268200 0.310004
0.301300 -0.412000 -0.162300 0.070001
0.332000 -0.365000 -0.069700 0.090001
0.353400 -0.554500 -0.159900 0.140002
0.324000 -0.608900 -0.251900 0.090001
0.296100 -0.622700 -0.049100 -0.660008
0.201000 -0.610400 -0.058300 0.430005
0.506100 -0.560100 -0.145700 -0.270003
0.553500 -0.555800 -0.246200 0.090001
0.536800 -0.655400 -0.097500 0.090001
0.543300 -0.475700 -0.084100 0.090001
0.364700 -0.332500 -0.273100 0.510006
0.322700 -0.342800 -0.388100 -0.510006
0.463000 -0.246200 -0.240600 -0.470006
0.493700 -0.234100 -0.146100 0.310004
0.531800 -0.163800 -0.338400 0.070001
0.501200 -0.192400 -0.438000 0.090001
0.499200 -0.016000 -0.317900 -0.090001
0.388600 -0.008300 -0.303600 0.090001
0.568400 0.038900 -0.191700 -0.270003
0.527500 0.138200 -0.165000 0.090001
0.677400 0.051000 -0.210300 0.090001
0.555100 -0.030500 -0.106000 0.090001
0.536900 0.067200 -0.442300 -0.270003
0.448100 0.122400 -0.479000 0.090001
0.574500 0.004100 -0.525400 0.090001
0.614700 0.142400 -0.416900 0.090001
0.680900 -0.191700 -0.326200 0.510006
0.737600 -0.198700 -0.216800 -0.510006
0.749500 -0.217000 -0.438500 -0.470006
0.704500 -0.219400 -0.528200 0.310004
0.892500 -0.246400 -0.436600 0.070001
0.933800 -0.232700 -0.337600 0.090001
0.920600 -0.389000 -0.480200 0.140002
0.885200 -0.404500 -0.585300 0.090001
0.853500 -0.478400 -0.392000 -0.660008
0.787400 -0.423700 -0.348400 0.430005
1.069300 -0.423700 -0.469200 -0.270003
1.131200 -0.356400 -0.532200 0.090001
1.085500 -0.527700 -0.504600 0.090001
1.103000 -0.415900 -0.363800 0.090001
0.963800 -0.149900 -0.527700 0.510006
0.923900 -0.134800 -0.642900 -0.510006
1.067400 -0.080500 -0.476100 -0.470006
1.096600 -0.089900 -0.381500 0.310004
1.150600 0.008200 -0.554900 0.070001
1.088700 0.055700 -0.630300 0.090001
1.211600 0.119600 -0.466200 -0.180002
1.313500 0.146100 -0.501300 0.090001
1.221500 0.078800 -0.363300 0.090001
1.129600 0.249900 -0.464300 -0.280003
1.022000 0.228500 -0.448100 0.090001
1.141400 0.301400 -0.561900 0.090001
1.182100 0.342000 -0.355700 0.620007
1.131000 0.335700 -0.241000 -0.760009
1.285400 0.409500 -0.383300 -0.760009
1.265700 -0.064900 -0.629300 0.340004
1.250100 -0.093700 -0.750600 -0.670008
1.374300 -0.085300 -0.567300 -0.670008
